3 0.219531 0.635648 0.057813 0.239815
3 0.226302 0.255093 0.040104 0.062037
3 0.858594 0.453704 0.029687 0.077778
3 0.520052 0.366667 0.056771 0.096296
0 0.291146 0.518519 0.034375 0.150000
0 0.304948 0.495833 0.026562 0.141667
0 0.383073 0.454630 0.033854 0.122222
0 0.402083 0.468519 0.025000 0.133333
0 0.430729 0.491667 0.030208 0.140741
2 0.254167 0.353241 0.111458 0.123148
1 0.111458 0.699074 0.047917 0.185185
0 0.482812 0.479167 0.020833 0.130556
0 0.486198 0.501389 0.043229 0.139815
0 0.512240 0.449074 0.027604 0.114815
0 0.497656 0.425926 0.017188 0.101852
1 0.127083 0.229167 0.021875 0.032407
0 0.158594 0.214352 0.006771 0.047222
7 0.435156 0.435185 0.013021 0.027778
7 0.390104 0.404167 0.009375 0.019444
7 0.404427 0.412500 0.011979 0.021296
7 0.513021 0.398611 0.009375 0.019444
7 0.500781 0.385648 0.009896 0.019444
2 0.410156 0.195833 0.025521 0.036111
5 0.373698 0.184259 0.026562 0.046296
2 0.334896 0.187963 0.026042 0.038889
2 0.319010 0.149537 0.011979 0.017593
2 0.386719 0.141667 0.011979 0.014815
2 0.406250 0.148611 0.011458 0.013889
4 0.440625 0.146296 0.021875 0.033333
2 0.351302 0.115741 0.008854 0.011111
6 0.295573 0.385648 0.014063 0.013889
0 0.226823 0.251389 0.013021 0.050926
0 0.522135 0.359722 0.019271 0.080556
0 0.711458 0.296759 0.008333 0.043519
0 0.720573 0.299537 0.010937 0.047222
0 0.755990 0.309259 0.009896 0.048148
0 0.938802 0.462963 0.016146 0.061111
2 0.927083 0.425000 0.052083 0.066667
