2 0.343490 0.186111 0.030729 0.053704
2 0.621354 0.206481 0.042708 0.038889
2 0.789323 0.318981 0.072396 0.073148
2 0.074479 0.219444 0.044792 0.051852
2 0.441146 0.137037 0.020833 0.020370
2 0.302344 0.107870 0.009896 0.015741
4 0.491406 0.113426 0.044271 0.026852
2 0.485677 0.119907 0.016146 0.013889
2 0.454688 0.136574 0.015625 0.021296
2 0.192448 0.132407 0.023438 0.016667
2 0.314063 0.108796 0.009375 0.010185
2 0.094531 0.178704 0.030729 0.022222
2 0.117969 0.162963 0.025521 0.018519
6 0.345052 0.201389 0.009896 0.004630
