3 0.686719 0.662500 0.093229 0.232407
0 0.688281 0.649074 0.041146 0.179630
5 0.425781 0.242593 0.063021 0.077778
2 0.291146 0.236574 0.039583 0.054630
2 0.238802 0.315278 0.051562 0.087963
0 0.156771 0.308333 0.012500 0.064815
0 0.170573 0.305556 0.011979 0.072222
0 0.187500 0.213426 0.010417 0.037963
3 0.339062 0.167130 0.006250 0.025000
0 0.214323 0.207407 0.007812 0.035185
0 0.209635 0.199074 0.004687 0.029630
6 0.239063 0.340278 0.014583 0.006481
4 0.245573 0.124537 0.007812 0.015741
6 0.439844 0.265278 0.013021 0.006481
