4 0.319010 0.687963 0.233854 0.440741
6 0.365104 0.867130 0.034375 0.037963
2 0.554167 0.556944 0.118750 0.126852
2 0.429167 0.551852 0.095833 0.096296
2 0.678646 0.488426 0.098958 0.062037
2 0.081771 0.930556 0.162500 0.138889
5 0.457552 0.509722 0.084896 0.091667
2 0.374479 0.476852 0.053125 0.064815
2 0.325781 0.457407 0.042188 0.048148
2 0.287240 0.462500 0.035937 0.041667
4 0.441927 0.423148 0.071354 0.072222
0 0.074740 0.489352 0.005729 0.043519
0 0.063021 0.491204 0.006250 0.041667
0 0.067969 0.489352 0.005729 0.043519
0 0.080729 0.462500 0.007292 0.037963
5 0.268229 0.401852 0.015625 0.020370
2 0.354948 0.427778 0.026562 0.024074
0 0.516146 0.428704 0.008333 0.029630
0 0.528385 0.429167 0.006771 0.032407
0 0.535677 0.429630 0.005729 0.033333
0 0.541406 0.429167 0.005729 0.034259
0 0.546354 0.429167 0.006250 0.030556
0 0.595573 0.437963 0.011979 0.040741
0 0.605990 0.436574 0.009896 0.041667
0 0.681510 0.445833 0.008854 0.041667
0 0.875000 0.505556 0.015625 0.075926
0 0.975521 0.523611 0.020833 0.080556
2 0.875521 0.496759 0.085417 0.060185
3 0.927344 0.478241 0.021354 0.054630
0 0.929167 0.475000 0.011458 0.042593
2 0.988542 0.460648 0.022917 0.049074
4 0.204427 0.389352 0.017188 0.023148
2 0.177344 0.400000 0.007812 0.011111
