0 0.501302 0.509259 0.068229 0.222222
0 0.541927 0.421296 0.050521 0.181481
0 0.017188 0.182407 0.023958 0.074074
0 0.115625 0.119907 0.012500 0.062037
0 0.128125 0.116204 0.010417 0.058333
0 0.143229 0.118519 0.013542 0.064815
0 0.159635 0.113426 0.011979 0.065741
2 0.377344 0.107407 0.074479 0.062963
2 0.466927 0.099537 0.078646 0.062037
2 0.387760 0.087500 0.082812 0.047222
2 0.544531 0.099074 0.066146 0.053704
2 0.608854 0.100000 0.056250 0.050000
7 0.509115 0.420833 0.020313 0.045370
7 0.549219 0.348148 0.016146 0.035185
2 0.658594 0.103704 0.034896 0.037037
2 0.645052 0.137037 0.034896 0.046296
2 0.513542 0.081944 0.047917 0.045370
5 0.572917 0.079630 0.063542 0.062963
