4 0.934375 0.206019 0.131250 0.175000
0 0.062500 0.543056 0.047917 0.219444
0 0.216927 0.518519 0.050521 0.207407
0 0.258333 0.459259 0.047917 0.174074
0 0.417187 0.416667 0.030208 0.181481
2 0.052865 0.362500 0.104688 0.139815
2 0.117969 0.270370 0.110937 0.120370
0 0.339323 0.208796 0.020313 0.091667
7 0.200000 0.437037 0.014583 0.035185
2 0.174219 0.179630 0.085938 0.057407
7 0.261979 0.387963 0.016667 0.031481
7 0.051302 0.452315 0.018229 0.036111
7 0.459896 0.295833 0.009375 0.023148
0 0.462760 0.356481 0.029687 0.150000
0 0.456771 0.312037 0.021875 0.144444
0 0.487240 0.287037 0.030729 0.137037
0 0.582031 0.221296 0.019271 0.100000
0 0.636719 0.218981 0.022396 0.095370
0 0.685156 0.230556 0.020313 0.098148
0 0.734896 0.227315 0.020833 0.093519
0 0.695052 0.215278 0.016146 0.075000
0 0.742969 0.203704 0.018229 0.087037
0 0.727604 0.200463 0.015625 0.089815
0 0.804167 0.175926 0.013542 0.070370
6 0.907292 0.271759 0.014583 0.017593
0 0.534375 0.154167 0.016667 0.067593
0 0.520052 0.156019 0.014063 0.062037
0 0.367188 0.381481 0.030208 0.162963
0 0.284375 0.150463 0.008333 0.058333
0 0.656510 0.163426 0.017188 0.067593
0 0.644010 0.162963 0.013021 0.066667
