5 0.116927 0.454630 0.232813 0.551852
6 0.183333 0.633796 0.037500 0.075000
2 0.036719 0.085648 0.035937 0.045370
2 0.082031 0.091667 0.036979 0.040741
2 0.122135 0.099537 0.047396 0.041667
2 0.160156 0.104630 0.055729 0.057407
5 0.214062 0.112037 0.077083 0.075926
3 0.266146 0.137037 0.036458 0.059259
0 0.128125 0.220833 0.022917 0.099074
0 0.303906 0.117130 0.013021 0.065741
0 0.417708 0.118519 0.014583 0.059259
0 0.428906 0.119907 0.014063 0.052778
0 0.538802 0.148148 0.016146 0.057407
2 0.610417 0.164815 0.052083 0.081481
5 0.686458 0.143056 0.056250 0.112037
2 0.636979 0.153704 0.029167 0.051852
2 0.646354 0.132870 0.028125 0.052778
2 0.747917 0.082407 0.030208 0.014815
2 0.686458 0.052778 0.008333 0.020370
5 0.701823 0.044907 0.022396 0.047222
