2 0.689583 0.269444 0.158333 0.129630
2 0.382812 0.157407 0.068750 0.055556
2 0.038281 0.192593 0.013021 0.020370
2 0.210938 0.170370 0.039583 0.042593
0 0.264323 0.126389 0.007812 0.032407
0 0.589323 0.160185 0.008854 0.061111
0 0.580990 0.159259 0.008854 0.057407
0 0.567448 0.140741 0.011979 0.061111
0 0.554427 0.138889 0.014063 0.061111
0 0.651563 0.171296 0.017708 0.064815
0 0.634115 0.157407 0.011979 0.061111
0 0.603125 0.146296 0.009375 0.062963
0 0.597396 0.141204 0.009375 0.060185
0 0.536198 0.135185 0.014063 0.057407
0 0.617708 0.118056 0.008333 0.049074
0 0.609896 0.119444 0.008333 0.050000
0 0.740365 0.193056 0.016146 0.073148
0 0.787240 0.161574 0.011979 0.058333
0 0.674479 0.102315 0.006250 0.034259
