2 0.675000 0.347685 0.075000 0.128704
2 0.751042 0.180093 0.019792 0.032407
2 0.701562 0.160185 0.019792 0.024074
2 0.728646 0.161111 0.017708 0.025926
2 0.785677 0.147685 0.011979 0.017593
2 0.760938 0.142130 0.011458 0.017593
2 0.745052 0.139815 0.014063 0.016667
2 0.738021 0.112037 0.016667 0.012963
6 0.665625 0.370370 0.019792 0.011111
3 0.961198 0.261574 0.016146 0.043519
0 0.543229 0.156019 0.006250 0.026852
5 0.720833 0.104630 0.006250 0.014815
2 0.691146 0.108333 0.015625 0.011111
2 0.750000 0.107870 0.007292 0.012037
0 0.678646 0.118056 0.002083 0.015741
1 0.433333 0.193981 0.018750 0.023148
3 0.064844 0.391667 0.021354 0.053704
