0 0.869271 0.581481 0.026042 0.129630
2 0.095052 0.548611 0.174479 0.186111
2 0.085938 0.442593 0.121875 0.118519
2 0.343490 0.287037 0.065104 0.066667
2 0.507812 0.293519 0.064583 0.074074
4 0.515625 0.228704 0.083333 0.075926
7 0.875521 0.529630 0.011458 0.020370
0 0.116406 0.319444 0.011979 0.051852
0 0.287500 0.258796 0.009375 0.043519
6 0.489063 0.314352 0.010417 0.010185
2 0.659635 0.226852 0.020313 0.027778
2 0.766146 0.219907 0.009375 0.015741
2 0.752604 0.220833 0.010417 0.015741
4 0.705208 0.193519 0.013542 0.020370
2 0.732292 0.202778 0.007292 0.009259
2 0.655990 0.207870 0.014063 0.013889
0 0.302865 0.258796 0.006771 0.039815
0 0.296875 0.258333 0.007292 0.044444
2 0.919531 0.338889 0.038021 0.061111
2 0.951302 0.348148 0.030729 0.046296
2 0.885938 0.298611 0.021875 0.032407
2 0.952865 0.317593 0.021354 0.029630
2 0.931510 0.308796 0.024479 0.036111
2 0.902083 0.318056 0.025000 0.045370
2 0.899479 0.281944 0.019792 0.030556
2 0.971354 0.325000 0.020833 0.031481
