0 0.052865 0.645370 0.051562 0.207407
2 0.808333 0.363426 0.081250 0.147222
2 0.721094 0.313426 0.108854 0.069444
2 0.642969 0.235648 0.059896 0.056481
2 0.586719 0.224074 0.048438 0.042593
2 0.414323 0.174074 0.034896 0.046296
2 0.666146 0.280556 0.031250 0.059259
2 0.384375 0.133333 0.019792 0.025926
2 0.354948 0.146759 0.027604 0.032407
2 0.320833 0.173148 0.026042 0.037037
5 0.377083 0.187037 0.030208 0.055556
5 0.351823 0.118519 0.016146 0.022222
5 0.324740 0.146759 0.020313 0.032407
2 0.434635 0.144444 0.025521 0.024074
2 0.113542 0.243056 0.078125 0.054630
0 0.020313 0.551389 0.023958 0.121296
6 0.144271 0.242593 0.005208 0.014815
6 0.377344 0.198148 0.010937 0.009259
6 0.320833 0.180556 0.011458 0.007407
6 0.413542 0.173611 0.011458 0.008333
6 0.359635 0.155556 0.008854 0.007407
6 0.577604 0.225000 0.012500 0.011111
6 0.624219 0.239352 0.010937 0.008333
6 0.657031 0.285185 0.005729 0.011111
6 0.671094 0.328704 0.007812 0.016667
