2 0.616927 0.526389 0.075521 0.132407
6 0.614844 0.550463 0.022396 0.015741
0 0.061979 0.425463 0.012500 0.063889
0 0.121094 0.407870 0.014063 0.058333
0 0.126302 0.386111 0.014063 0.053704
1 0.145052 0.409722 0.026562 0.045370
0 0.275000 0.346759 0.010417 0.043519
2 0.325000 0.350463 0.067708 0.049074
2 0.359635 0.328704 0.059896 0.046296
2 0.409896 0.321296 0.039583 0.038889
2 0.469792 0.304167 0.022917 0.030556
2 0.503906 0.273611 0.017188 0.017593
2 0.629948 0.325926 0.023438 0.037037
2 0.689323 0.340741 0.054688 0.038889
2 0.651563 0.312037 0.023958 0.040741
2 0.602865 0.275463 0.013021 0.019444
4 0.635938 0.261574 0.030208 0.030556
4 0.643229 0.270833 0.017708 0.034259
2 0.532552 0.256019 0.019271 0.012037
2 0.611458 0.259259 0.009375 0.012963
3 0.876302 0.395833 0.022396 0.036111
0 0.310417 0.313889 0.007292 0.035185
0 0.301302 0.312037 0.005729 0.035185
0 0.421094 0.287500 0.005729 0.025000
0 0.443750 0.277315 0.005208 0.023148
0 0.453646 0.275000 0.005208 0.022222
0 0.458854 0.277778 0.005208 0.024074
