0 0.737500 0.807407 0.060417 0.177778
2 0.711719 0.363889 0.043229 0.072222
2 0.295312 0.195370 0.052083 0.055556
2 0.391667 0.230093 0.062500 0.047222
5 0.364063 0.203704 0.068750 0.074074
2 0.278906 0.192593 0.050521 0.037037
2 0.528385 0.234259 0.033854 0.029630
2 0.478125 0.227778 0.046875 0.037037
5 0.566927 0.234722 0.038021 0.037963
4 0.488802 0.195833 0.073438 0.071296
2 0.537240 0.225926 0.028646 0.031481
0 0.128646 0.165278 0.007292 0.049074
7 0.757812 0.735185 0.018750 0.035185
5 0.491406 0.215741 0.044271 0.040741
3 0.710677 0.282407 0.007812 0.024074
