3 0.172917 0.515741 0.027083 0.081481
3 0.037760 0.548611 0.032813 0.089815
3 0.011979 0.525463 0.022917 0.084259
2 0.126302 0.494444 0.063021 0.074074
2 0.254167 0.484722 0.064583 0.097222
2 0.177344 0.470833 0.059896 0.063889
2 0.321354 0.473611 0.080208 0.076852
2 0.201042 0.439815 0.052083 0.053704
5 0.248177 0.435648 0.067187 0.063889
2 0.089323 0.468519 0.042188 0.070370
2 0.125260 0.449537 0.049479 0.050926
2 0.047396 0.512500 0.055208 0.076852
2 0.051823 0.451389 0.042188 0.050926
2 0.035677 0.485185 0.042188 0.053704
2 0.034375 0.435185 0.028125 0.042593
2 0.420312 0.364815 0.040625 0.035185
0 0.539062 0.360648 0.007292 0.041667
0 0.553385 0.358796 0.009896 0.039815
0 0.735156 0.360185 0.008854 0.037037
0 0.743229 0.358333 0.007292 0.037037
