2 0.074219 0.477315 0.072396 0.113889
2 0.196354 0.465278 0.068750 0.102778
2 0.280469 0.443981 0.069271 0.102778
2 0.361719 0.444444 0.074479 0.092593
2 0.307552 0.387963 0.054688 0.066667
2 0.252865 0.409259 0.055729 0.075926
2 0.173437 0.425000 0.058333 0.085185
2 0.143490 0.369444 0.047396 0.070370
5 0.176302 0.381019 0.044271 0.080556
2 0.231250 0.380556 0.052083 0.077778
2 0.280208 0.367593 0.044792 0.059259
4 0.270052 0.302778 0.060937 0.087037
2 0.428125 0.315278 0.042708 0.043519
2 0.351042 0.293519 0.028125 0.033333
2 0.236719 0.294444 0.023438 0.027778
2 0.222917 0.290741 0.022917 0.025926
2 0.188281 0.329630 0.033854 0.042593
5 0.174740 0.315278 0.033854 0.049074
3 0.212240 0.291204 0.010937 0.025000
2 0.339323 0.274074 0.014063 0.020370
6 0.072656 0.509722 0.019271 0.012037
6 0.201042 0.489815 0.018750 0.009259
6 0.289844 0.470370 0.018229 0.007407
6 0.373958 0.470833 0.017708 0.008333
2 0.142448 0.321296 0.034896 0.048148
2 0.260677 0.352315 0.040104 0.045370
2 0.126302 0.324074 0.025521 0.042593
2 0.213542 0.360648 0.039583 0.065741
5 0.326823 0.260185 0.019271 0.040741
0 0.781771 0.337963 0.013542 0.050000
