3 0.006771 0.175926 0.005208 0.018519
2 0.025260 0.173611 0.011979 0.017593
2 0.016146 0.197222 0.016667 0.027778
2 0.073438 0.252778 0.066667 0.053704
2 0.203906 0.252778 0.090104 0.061111
2 0.470052 0.296759 0.096354 0.069444
2 0.549219 0.327315 0.098437 0.073148
2 0.468750 0.275463 0.085417 0.052778
2 0.524219 0.245370 0.055729 0.050000
2 0.595052 0.365741 0.077604 0.085185
2 0.604427 0.296759 0.069271 0.063889
2 0.636198 0.323148 0.073438 0.062963
5 0.668490 0.331019 0.084896 0.119444
4 0.681250 0.279167 0.095833 0.099074
3 0.745573 0.363426 0.019271 0.056481
2 0.730990 0.344907 0.057813 0.071296
2 0.744271 0.314352 0.026042 0.043519
2 0.764323 0.306481 0.025521 0.037037
2 0.773958 0.343519 0.033333 0.051852
4 0.815365 0.350000 0.082812 0.103704
4 0.847396 0.390741 0.085417 0.118519
5 0.881250 0.304630 0.012500 0.024074
2 0.704688 0.519907 0.122917 0.132407
6 0.660156 0.535185 0.018229 0.025926
0 0.820833 0.743056 0.062500 0.176852
7 0.842708 0.669444 0.017708 0.025926
0 0.885417 0.758333 0.050000 0.137037
0 0.908333 0.784259 0.043750 0.148148
0 0.921094 0.819907 0.064062 0.160185
7 0.903906 0.704167 0.011979 0.025000
7 0.923177 0.724074 0.014063 0.027778
7 0.944010 0.754630 0.015104 0.027778
