5 0.454948 0.384722 0.031771 0.056481
5 0.714323 0.467130 0.044271 0.137963
2 0.572917 0.429167 0.061458 0.060185
2 0.682292 0.368519 0.041667 0.040741
2 0.639062 0.373611 0.037500 0.050926
0 0.200521 0.531944 0.030208 0.091667
0 0.268229 0.479167 0.020833 0.063889
0 0.286719 0.462037 0.010937 0.055556
0 0.235156 0.505556 0.013021 0.074074
2 0.587760 0.386111 0.048438 0.035185
2 0.821094 0.393056 0.025521 0.060185
2 0.832812 0.361574 0.018750 0.034259
2 0.814323 0.321759 0.013021 0.028704
2 0.831510 0.339352 0.015104 0.019444
6 0.718229 0.514815 0.017708 0.012963
6 0.557552 0.442130 0.010937 0.006481
6 0.453385 0.397222 0.008854 0.007407
6 0.670833 0.381019 0.008333 0.002778
6 0.628125 0.381481 0.008333 0.005556
6 0.819792 0.399074 0.009375 0.009259
