0 0.043229 0.533333 0.027083 0.092593
0 0.549219 0.660185 0.043229 0.201852
2 0.254427 0.624074 0.128646 0.209259
2 0.284635 0.498611 0.119271 0.169444
2 0.340885 0.457870 0.106771 0.115741
2 0.250521 0.402315 0.068750 0.069444
2 0.266406 0.364815 0.052604 0.057407
2 0.229167 0.354630 0.035417 0.046296
4 0.441667 0.399074 0.255208 0.216667
6 0.288021 0.690278 0.027083 0.030556
6 0.322396 0.550463 0.019792 0.023148
6 0.546875 0.483796 0.012500 0.021296
2 0.570052 0.301852 0.043229 0.042593
2 0.720573 0.321296 0.066146 0.062963
0 0.754427 0.649074 0.040104 0.181481
0 0.850781 0.499537 0.024479 0.115741
0 0.816667 0.436574 0.015625 0.091667
0 0.833073 0.440741 0.016146 0.090741
0 0.909375 0.481481 0.017708 0.111111
0 0.891406 0.480093 0.020313 0.093519
7 0.755729 0.581481 0.012500 0.022222
