4 0.195312 0.376852 0.256250 0.246296
6 0.126042 0.478704 0.020833 0.022222
2 0.405469 0.389352 0.068229 0.095370
2 0.377604 0.330556 0.063542 0.109259
2 0.727865 0.344444 0.061979 0.070370
0 0.077865 0.366667 0.015104 0.094444
2 0.255990 0.239815 0.026562 0.038889
2 0.257292 0.212500 0.022917 0.030556
2 0.483333 0.257407 0.050000 0.042593
2 0.376042 0.202778 0.020833 0.027778
2 0.405990 0.200463 0.017188 0.021296
2 0.364844 0.192130 0.016146 0.019444
2 0.302604 0.171759 0.012500 0.017593
2 0.503906 0.238889 0.049479 0.040741
2 0.224740 0.238426 0.035937 0.050926
2 0.252083 0.166204 0.021875 0.015741
2 0.866927 0.909259 0.266146 0.181481
2 0.277344 0.161574 0.010937 0.015741
2 0.299479 0.153241 0.008333 0.012037
2 0.247917 0.154630 0.008333 0.011111
2 0.267188 0.165278 0.011458 0.013889
0 0.952083 0.396296 0.013542 0.096296
0 0.933073 0.395833 0.021354 0.086111
0 0.902083 0.385185 0.015625 0.083333
0 0.676302 0.286574 0.010937 0.050926
0 0.659115 0.276389 0.009896 0.045370
0 0.607552 0.238889 0.007812 0.044444
6 0.411198 0.412963 0.018229 0.012963
