2 0.247396 0.501389 0.122917 0.154630
2 0.406771 0.500463 0.117708 0.139815
2 0.491667 0.427778 0.100000 0.114815
2 0.563542 0.379167 0.083333 0.102778
5 0.623698 0.310185 0.088021 0.144444
3 0.696094 0.297685 0.029687 0.075000
5 0.723698 0.236111 0.104688 0.159259
5 0.784896 0.237500 0.055208 0.082407
0 0.008854 0.504167 0.016667 0.139815
0 0.028385 0.519444 0.023438 0.140741
0 0.036719 0.499074 0.020313 0.142593
0 0.053385 0.504630 0.028646 0.151852
0 0.074479 0.500463 0.028125 0.137963
6 0.218490 0.548148 0.026562 0.016667
6 0.382031 0.542593 0.024479 0.014815
0 0.474740 0.308333 0.015104 0.075926
2 0.809896 0.230093 0.032292 0.050926
0 0.783594 0.647222 0.027604 0.188889
0 0.855990 0.869444 0.076563 0.242593
7 0.067708 0.444907 0.010417 0.025000
7 0.051302 0.440741 0.009896 0.022222
7 0.040104 0.438889 0.009375 0.018519
7 0.005990 0.446296 0.010937 0.020370
