2 0.366146 0.550463 0.143750 0.258333
2 0.514062 0.251852 0.063542 0.072222
2 0.420573 0.207407 0.034896 0.040741
2 0.384635 0.176389 0.017188 0.017593
5 0.855990 0.415278 0.108854 0.136111
2 0.535677 0.214815 0.033854 0.037037
2 0.444531 0.173611 0.016146 0.019444
2 0.421094 0.169907 0.015104 0.017593
2 0.400260 0.165278 0.011979 0.012037
0 0.372396 0.156944 0.005208 0.013889
5 0.394531 0.156481 0.015104 0.020370
2 0.431250 0.165278 0.009375 0.013889
2 0.435937 0.169444 0.008333 0.012963
6 0.386198 0.634259 0.036979 0.016667
6 0.533854 0.254630 0.014583 0.018519
6 0.427344 0.208796 0.006771 0.004630
