2 0.123177 0.457870 0.113021 0.095370
2 0.232552 0.439352 0.130729 0.108333
2 0.306510 0.388889 0.098437 0.068519
2 0.376823 0.430556 0.122396 0.105556
2 0.433854 0.376389 0.100000 0.067593
2 0.437500 0.344907 0.081250 0.062037
5 0.521354 0.316667 0.077083 0.087037
2 0.584635 0.332407 0.064062 0.059259
2 0.640625 0.340741 0.064583 0.055556
2 0.683594 0.298611 0.034896 0.041667
2 0.656771 0.314815 0.041667 0.046296
2 0.948958 0.399537 0.029167 0.052778
4 0.839063 0.267130 0.021875 0.034259
2 0.874479 0.284259 0.012500 0.016667
