2 0.583594 0.403704 0.121354 0.107407
2 0.616146 0.327778 0.085417 0.062963
2 0.519792 0.287963 0.062500 0.046296
2 0.376302 0.259259 0.036979 0.029630
2 0.339062 0.260185 0.036458 0.031481
2 0.275260 0.260185 0.028646 0.025926
2 0.234375 0.244907 0.018750 0.019444
2 0.215365 0.287963 0.032813 0.035185
2 0.191667 0.305093 0.031250 0.043519
2 0.162500 0.290278 0.023958 0.034259
2 0.166667 0.265278 0.018750 0.025000
2 0.154948 0.240741 0.010937 0.012963
6 0.632292 0.434259 0.014583 0.009259
0 0.769271 0.301389 0.009375 0.041667
0 0.623177 0.280556 0.008854 0.033333
2 0.942187 0.319907 0.019792 0.028704
2 0.953125 0.319907 0.012500 0.019444
2 0.276042 0.244907 0.022917 0.028704
2 0.979167 0.311111 0.012500 0.020370
2 0.968229 0.314352 0.012500 0.025000
