3 0.648958 0.266204 0.058333 0.108333
0 0.648698 0.255556 0.022396 0.112963
7 0.645312 0.210185 0.017708 0.022222
6 0.831250 0.533333 0.030208 0.037037
2 0.192969 0.893981 0.384896 0.210185
2 0.188281 0.765741 0.375521 0.350000
2 0.170833 0.595833 0.337500 0.195370
2 0.193229 0.499074 0.364583 0.242593
5 0.176823 0.367593 0.323437 0.170370
2 0.275000 0.304167 0.246875 0.187963
2 0.814844 0.473611 0.150521 0.217593
2 0.918229 0.667130 0.163542 0.400926
2 0.673698 0.121759 0.051562 0.071296
2 0.718750 0.140741 0.042708 0.061111
2 0.740625 0.135648 0.043750 0.056481
2 0.768229 0.114352 0.033333 0.060185
2 0.759115 0.127315 0.035937 0.054630
5 0.729427 0.058333 0.059896 0.109259
5 0.750000 0.043981 0.039583 0.082407
2 0.695573 0.179630 0.055729 0.087037
6 0.687760 0.179630 0.022396 0.016667
6 0.666927 0.126389 0.013021 0.010185
0 0.618490 0.110648 0.014063 0.060185
0 0.789844 0.186574 0.019271 0.087963
0 0.393490 0.151389 0.019271 0.082407
0 0.417187 0.156944 0.018750 0.084259
0 0.436198 0.137500 0.014063 0.067593
0 0.456510 0.124537 0.014063 0.067593
0 0.477344 0.125000 0.014063 0.066667
