2 0.625521 0.392593 0.227083 0.164815
2 0.433594 0.352778 0.135937 0.133333
2 0.107031 0.362037 0.198437 0.118519
2 0.222135 0.350463 0.097396 0.097222
2 0.284115 0.332407 0.132812 0.116667
2 0.162240 0.295370 0.101562 0.050000
2 0.297135 0.279167 0.176563 0.108333
2 0.373177 0.267130 0.106771 0.108333
2 0.404687 0.239352 0.102083 0.099074
2 0.427865 0.220370 0.095312 0.088889
2 0.510156 0.175926 0.097396 0.083333
2 0.607552 0.180556 0.056771 0.074074
2 0.707031 0.366204 0.172396 0.136111
2 0.687240 0.326852 0.209896 0.116667
2 0.711198 0.285648 0.192188 0.125000
2 0.738542 0.256481 0.160417 0.116667
2 0.551042 0.113889 0.036458 0.040741
2 0.967448 0.527315 0.065104 0.212037
5 0.957292 0.369444 0.085417 0.200000
2 0.935677 0.319444 0.080729 0.118519
2 0.912760 0.264352 0.076563 0.112037
4 0.704167 0.071296 0.057292 0.085185
4 0.605469 0.071296 0.036979 0.079630
4 0.667448 0.053241 0.035937 0.034259
4 0.638281 0.053704 0.025521 0.044444
6 0.401562 0.373148 0.017708 0.018519
6 0.248177 0.349537 0.015104 0.019444
6 0.180208 0.386574 0.018750 0.021296
6 0.333073 0.318981 0.015104 0.019444
2 0.701823 0.227315 0.160938 0.093519
2 0.738281 0.215741 0.134896 0.094444
