5 0.245312 0.330556 0.138542 0.298148
6 0.243229 0.430556 0.026042 0.027778
1 0.791927 0.363426 0.057813 0.067593
1 0.775260 0.356481 0.061979 0.066667
1 0.757292 0.337963 0.054167 0.059259
2 0.310937 0.205556 0.065625 0.111111
5 0.364063 0.141667 0.077083 0.103704
2 0.412760 0.125926 0.061979 0.085185
2 0.459635 0.111574 0.055729 0.065741
2 0.466667 0.096296 0.090625 0.075926
2 0.514844 0.094907 0.053646 0.062037
2 0.554427 0.086574 0.041146 0.054630
2 0.596094 0.079630 0.056771 0.053704
2 0.642188 0.073148 0.052083 0.044444
