2 0.277083 0.530556 0.194792 0.138889
2 0.516927 0.468981 0.128646 0.108333
2 0.317969 0.398148 0.083854 0.088889
2 0.426563 0.407870 0.098958 0.123148
2 0.495573 0.387037 0.067187 0.087037
2 0.761198 0.400463 0.068229 0.095370
2 0.816927 0.378704 0.054688 0.074074
2 0.840885 0.314815 0.038021 0.050000
2 0.957292 0.556944 0.085417 0.123148
0 0.966146 0.377778 0.021875 0.096296
3 0.779427 0.310185 0.018229 0.050000
3 0.594010 0.318056 0.016146 0.056481
0 0.579948 0.288889 0.007812 0.038889
0 0.596094 0.268056 0.007812 0.034259
6 0.202344 0.534259 0.019271 0.014815
6 0.474479 0.468056 0.019792 0.012037
