5 0.729688 0.273148 0.136458 0.168519
5 0.526302 0.076389 0.070312 0.115741
5 0.433854 0.019907 0.039583 0.037963
4 0.481510 0.011574 0.034896 0.021296
2 0.183594 0.118981 0.052604 0.087963
2 0.118490 0.206481 0.083854 0.135185
2 0.058594 0.372222 0.116146 0.285185
2 0.035937 0.631019 0.070833 0.432407
2 0.471094 0.131019 0.056771 0.067593
2 0.463802 0.086574 0.036979 0.041667
2 0.372135 0.018056 0.024479 0.028704
3 0.036458 0.214815 0.034375 0.092593
0 0.634896 0.144907 0.013542 0.062037
2 0.071354 0.039352 0.065625 0.043519
0 0.166146 0.073611 0.011458 0.056481
0 0.572656 0.088889 0.009896 0.044444
6 0.763542 0.329630 0.017708 0.018519
6 0.535677 0.108333 0.016146 0.016667
6 0.175521 0.141204 0.015625 0.008333
6 0.106250 0.253704 0.014583 0.012963
6 0.428125 0.025463 0.013542 0.006481
5 0.205990 0.090278 0.049479 0.076852
