2 0.629687 0.620833 0.173958 0.158333
2 0.373698 0.427315 0.068229 0.058333
2 0.204167 0.377315 0.035417 0.039815
0 0.276302 0.352315 0.007812 0.037963
0 0.634635 0.477315 0.013021 0.067593
0 0.551562 0.444444 0.016667 0.066667
0 0.744010 0.527315 0.020313 0.082407
0 0.651823 0.496296 0.021354 0.072222
0 0.565625 0.447222 0.012500 0.064815
0 0.585156 0.475463 0.010937 0.065741
0 0.602604 0.457870 0.010417 0.071296
0 0.577083 0.471759 0.012500 0.062037
0 0.533594 0.436111 0.016146 0.062963
0 0.580990 0.451852 0.009896 0.062963
0 0.329427 0.358796 0.007812 0.034259
0 0.313802 0.364352 0.008854 0.039815
2 0.060417 0.313426 0.011458 0.017593
2 0.021094 0.310648 0.016146 0.013889
0 0.618490 0.424074 0.007812 0.051852
0 0.625781 0.423611 0.007812 0.050926
0 0.799740 0.487037 0.014063 0.068519
5 0.791406 0.382407 0.026562 0.024074
0 0.690885 0.404167 0.008854 0.036111
0 0.597656 0.451389 0.011979 0.065741
0 0.527083 0.425000 0.011458 0.055556
