4 0.611979 0.295833 0.222917 0.275000
4 0.681510 0.162037 0.081771 0.111111
4 0.695052 0.106944 0.032813 0.028704
4 0.725521 0.092593 0.031250 0.031481
4 0.899479 0.138426 0.058333 0.099074
4 0.870313 0.116204 0.037500 0.075000
4 0.842448 0.106944 0.041146 0.063889
4 0.811979 0.101389 0.037500 0.054630
2 0.843229 0.258333 0.060417 0.092593
2 0.936979 0.318981 0.068750 0.115741
2 0.922135 0.255093 0.054688 0.082407
2 0.914062 0.210648 0.044792 0.052778
0 0.784896 0.224537 0.030208 0.062037
6 0.942448 0.346759 0.021354 0.019444
6 0.840365 0.264815 0.021354 0.014815
6 0.568490 0.418981 0.023438 0.017593
6 0.905990 0.162963 0.011979 0.012963
4 0.701042 0.089815 0.022917 0.022222
2 0.948958 0.566667 0.102083 0.248148
2 0.930729 0.868981 0.138542 0.262037
6 0.958073 0.622685 0.042188 0.037963
