2 0.075000 0.509259 0.148958 0.200000
2 0.062760 0.383333 0.124479 0.142593
2 0.098177 0.320833 0.110937 0.097222
4 0.182031 0.204167 0.273438 0.215741
2 0.406250 0.085185 0.064583 0.055556
0 0.387760 0.326852 0.035937 0.181481
0 0.534375 0.331481 0.038542 0.174074
0 0.585156 0.182870 0.021354 0.108333
0 0.549219 0.148148 0.021354 0.087037
0 0.532552 0.146296 0.015104 0.085185
0 0.618750 0.159722 0.019792 0.087963
0 0.636458 0.156944 0.018750 0.100926
2 0.706510 0.046296 0.044271 0.037037
2 0.843490 0.122222 0.042188 0.059259
2 0.819531 0.065278 0.048438 0.045370
2 0.785417 0.018981 0.020833 0.028704
6 0.127604 0.531019 0.022917 0.041667
6 0.109375 0.408333 0.017708 0.027778
7 0.533594 0.261111 0.013021 0.033333
7 0.530729 0.112037 0.008333 0.016667
7 0.547917 0.113889 0.008333 0.018519
