2 0.183073 0.758333 0.180729 0.461111
6 0.200000 0.954630 0.050000 0.033333
2 0.172396 0.294907 0.065625 0.123148
2 0.295573 0.334259 0.090104 0.140741
2 0.411719 0.312963 0.098437 0.140741
2 0.197656 0.151852 0.030729 0.040741
2 0.275000 0.179167 0.041667 0.060185
2 0.402604 0.196296 0.058333 0.062963
2 0.479167 0.183796 0.056250 0.049074
2 0.554427 0.255556 0.071354 0.074074
2 0.663802 0.268981 0.080729 0.069444
2 0.160156 0.084722 0.014063 0.017593
2 0.989062 0.326852 0.009375 0.014815
6 0.439063 0.355556 0.019792 0.012963
6 0.312500 0.378241 0.025000 0.012037
6 0.173177 0.325926 0.019271 0.011111
6 0.576823 0.260185 0.011979 0.009259
6 0.420312 0.211111 0.014583 0.011111
