3 0.166667 0.548611 0.141667 0.208333
0 0.175260 0.525000 0.054688 0.164815
0 0.747917 0.424074 0.035417 0.159259
0 0.857031 0.443519 0.038021 0.153704
0 0.892188 0.371759 0.028125 0.132407
0 0.905729 0.395370 0.026042 0.120370
7 0.865885 0.383796 0.014063 0.026852
7 0.757552 0.359722 0.015104 0.028704
2 0.695312 0.396759 0.147917 0.186111
2 0.089844 0.259722 0.107813 0.102778
2 0.423177 0.124537 0.083854 0.062037
2 0.507812 0.144907 0.082292 0.065741
5 0.614583 0.101852 0.079167 0.092593
2 0.716667 0.220370 0.072917 0.085185
2 0.787760 0.283796 0.070312 0.115741
2 0.977604 0.362963 0.044792 0.118519
2 0.072135 0.243981 0.089063 0.091667
0 0.221615 0.087500 0.007812 0.028704
2 0.742969 0.082407 0.019271 0.018519
2 0.766927 0.086574 0.018229 0.015741
6 0.658333 0.413426 0.028125 0.030556
6 0.777083 0.287963 0.017708 0.016667
6 0.699740 0.223148 0.015104 0.012963
6 0.477083 0.158796 0.011458 0.008333
6 0.990885 0.393519 0.016146 0.016667
