2 0.112760 0.719907 0.224479 0.291667
2 0.224740 0.538426 0.146354 0.206481
2 0.279167 0.448148 0.077083 0.131481
2 0.289323 0.380093 0.064062 0.104630
2 0.454427 0.396759 0.078646 0.121296
2 0.280208 0.300926 0.040625 0.038889
2 0.286198 0.325000 0.046354 0.037037
5 0.374479 0.281944 0.043750 0.075000
6 0.045833 0.757407 0.040625 0.037037
6 0.200000 0.574074 0.032292 0.020370
2 0.585938 0.501852 0.122917 0.144444
2 0.547396 0.431019 0.092708 0.123148
2 0.510938 0.374537 0.079167 0.097222
2 0.471875 0.328704 0.059375 0.068519
2 0.437500 0.314352 0.045833 0.054630
2 0.419010 0.286111 0.045312 0.070370
5 0.357031 0.257407 0.029687 0.061111
2 0.392448 0.234722 0.047396 0.036111
5 0.289062 0.195370 0.019792 0.029630
2 0.255469 0.194444 0.023438 0.022222
2 0.238802 0.191667 0.015104 0.020370
2 0.304688 0.201389 0.016667 0.025000
2 0.330469 0.212037 0.017188 0.025926
6 0.614844 0.528704 0.029687 0.018519
6 0.464844 0.436574 0.021354 0.017593
